10                        -3.8156593125116345
11                        -3.7738524683702925
12                        -3.7228599921807106
13                        -3.6595915978305578
14                        -3.578892857631117
15                        -3.471206595905787
16                        -3.315544276955232
17                        -3.0482920430465206
18                        -2.033762678824595
19                        -2.9826816706573847
20                        -3.320077233770614
21                        -3.515678035661027
22                        -3.6558886489616667
23                        -3.7662576698185037
24                        -3.857887414698846
25                        -3.936619270425625
26                        -4.005910606052693
27                        -4.067979514096559
28                        -4.124335410668592
29                        -4.176052842190679
30                        -4.223924564881246
31                        -4.268552636289877
32                        -4.310405403216664
33                        -4.349854647833948
34                        -4.38720064840542
35                        -4.422689588968467
36                        -4.456525961271656
37                        -4.488881595262234
38                        -4.519902363062645
39                        -4.549713240528932
40                        -4.578422188581687
41                        -4.606123169075061
42                        -4.632898518916398
43                        -4.658820838535458
44                        -4.68395451067819
45                        -4.708356932738979
46                        -4.7320795256310415
47                        -4.755168566195605
48                        -4.777665879291215
49                        -4.799609416786077
50                        -4.821033745649572
51                        -4.841970461297048
52                        -4.862448540132922
53                        -4.882494641312655
54                        -4.902133366848686
55                        -4.921387486631925
56                        -4.940278133810744
57                        -4.958824975566645
58                        -4.977046362737919
59                        -4.994959461527374
60                        -5.012580369788357
61                        -5.02992422026585
62                        -5.0470052724053325
63                        -5.063836994445726
64                        -5.080432137055245
65                        -5.096802799430515
66                        -5.112960489248987
67                        -5.1289161766791445
68                        -5.144680343932347
69                        -5.1602630301389185
70                        -5.175673872753358
71                        -5.190922145564011
72                        -5.2060167938249755
73                        -5.220966467028632
74                        -5.235779549302252
75                        -5.250464188055875
76                        -5.265028320959248
77                        -5.279479701522444
78                        -5.293825923433851
79                        -5.30807444412517
80                        -5.322232607214367
81                        -5.3363076646386185
82                        -5.350306798127406
83                        -5.3642371405052005
84                        -5.378105796783438
85                        -5.391919865251665
86                        -5.40568645893159
87                        -5.419412727063603
88                        -5.433105877439075
89                        -5.446773199091676
90                        -5.460422086137022
91                        -5.474060062461842
92                        -5.48769480784829
93                        -5.501334185455864
94                        -5.514986271299546
95                        -5.528659385520489
96                        -5.542362126318462
97                        -5.556103406385122
98                        -5.569892492757411
99                        -5.583739050070124
100                       -5.597653188113007
101                       -5.611645514227334
102                       -5.625727191099547
103                       -5.6399100009853615
104                       -5.654206417280445
105                       -5.668629684401203
106                       -5.683193907711362
107                       -5.69791415464493
108                       -5.712806569130519
109                       -5.727888501617641
110                       -5.743178657196081
111                       -5.758697265213979
112                       -5.774466274206129
113                       -5.79050957703906
114                       -5.806853271922001
115                       -5.823525966686619
116                       -5.840559135146667
117                       -5.857987536707204
118                       -5.8758497133722996
119                       -5.894188581736544
120                       -5.913052142938397
121                       -5.932494339749148
122                       -5.952576099260895
123                       -5.973366611219284
124                       -5.994944909331496
125                       -6.01740184571521
126                       -6.040842581951613
127                       -6.065389767951793
128                       -6.091187649439598
129                       -6.118407450259092
130                       -6.147254534779112
131                       -6.177978107649271
132                       -6.210884611308675
133                       -6.2463566528653836
134                       -6.284880446174863
135                       -6.327086823519094
136                       -6.37381475919134
137                       -6.4262140800556935
138                       -6.485920503883347
139                       -6.555374291747985
140                       -6.6384521857910075
141                       -6.741874890692473
142                       -6.878916341677945
143                       -7.082249176494681
144                       -7.482886338005958
145                       -7.757584766158681
146                       -7.164725747947204
147                       -6.920587194256263
148                       -6.763341329934919
149                       -6.646512903250777
150                       -6.553080584225681
151                       -6.474878455225686
152                       -6.407349486407004
153                       -6.347687385051001
154                       -6.294038860955643
155                       -6.245113943982097
156                       -6.199976950795115
157                       -6.157926056717479
158                       -6.11841988244485
159                       -6.081030633435219
160                       -6.045413017095489
161                       -6.01128293829082
162                       -5.978402473056542
163                       -5.946568994803366
164                       -5.915607117353897
165                       -5.885362588617586
166                       -5.855697557208604
167                       -5.826486816544364
168                       -5.7976147481789075
169                       -5.768972762616507
170                       -5.740457086557183
171                       -5.711966778468611
172                       -5.683401874889652
173                       -5.654661581614808
174                       -5.625642427369628
175                       -5.59623629459198
176                       -5.566328231330028
177                       -5.535793928184967
178                       -5.5044967128866364
179                       -5.472283866181249
180                       -5.438981988900857
181                       -5.404391037170797
182                       -5.368276467920468
183                       -5.3303586599172155
184                       -5.290298326361988
185                       -5.247675881845044
186                       -5.201961420138768
187                       -5.152469592656995
188                       -5.0982891792509335
189                       -5.038168068513609
190                       -4.970314711984286
191                       -4.892030606948151
192                       -4.79896502637455
193                       -4.683402214892598
194                       -4.529525254690644
195                       -4.295533314605925
196                       -3.7725639322822375
197                       -3.8834315346378308
198                       -4.321719119228017
199                       -4.532520550731281
200                       -4.67189098255609
201                       -4.775806647865178
202                       -4.858488770592454
203                       -4.9270317226333535
204                       -4.985489209204383
205                       -5.036395978452692
206                       -5.081442662809316
207                       -5.121813071423453
208                       -5.158368234425828
209                       -5.191753833829048
210                       -5.222466366159102
211                       -5.250895709035978
212                       -5.277353520230217
213                       -5.30209277551399
214                       -5.325321568745522
215                       -5.347213084000478
216                       -5.367912947017916
217                       -5.387544740889492
218                       -5.4062142099065476
219                       -5.424012508801901
220                       -5.441018746037434
221                       -5.45730199752141
222                       -5.472922917609593
223                       -5.487935040291517
224                       -5.502385839292622
225                       -5.516317598774256
226                       -5.529768133739614
227                       -5.542771390203382
228                       -5.555357948400372
229                       -5.567555447194449
230                       -5.5793889440443385
231                       -5.59088122183941
232                       -5.602053051776398
233                       -5.6129234196113575
234                       -5.6235097211542655
235                       -5.633827931955461
236                       -5.6438927551292615
237                       -5.653717750557964
238                       -5.663315448291748
239                       -5.672697448304639
240                       -5.681874508616649
241                       -5.690856623286642
242                       -5.699653091689125
243                       -5.70827258017997
244                       -5.716723177157518
245                       -5.725012442313754
246                       -5.733147450811341
247                       -5.741134832999524
248                       -5.748980810188848
249                       -5.756691226938468
250                       -5.764271580263261
251                       -5.771727046094177
252                       -5.779062503313221
253                       -5.786282555591451
254                       -5.7933915512948415
255                       -5.800393601644752
256                       -5.807292597313015
257                       -5.814092223612292
258                       -5.820795974409041
259                       -5.827407164912708
260                       -5.833928943412891
261                       -5.840364302096142
262                       -5.846716086997837
263                       -5.85298700720004
264                       -5.859179643320194
265                       -5.865296455360084
266                       -5.871339789984364
267                       -5.877311887251479
268                       -5.883214886872225
269                       -5.889050834013909
270                       -5.894821684708783
271                       -5.900529310872108
272                       -5.9061755049896085
273                       -5.911761984483431
274                       -5.917290395789805
275                       -5.9227623181583455
276                       -5.928179267221109
277                       -5.933542698317886
278                       -5.938854009611636
279                       -5.944114545017697
280                       -5.949325596942467
281                       -5.954488408855397
282                       -5.959604177707315
283                       -5.964674056200911
284                       -5.9696991549351575
285                       -5.974680544406944
286                       -5.979619256909082
287                       -5.984516288325013
288                       -5.989372599796159
289                       -5.994189119333148
290                       -5.998966743299902
291                       -6.003706337841063
292                       -6.008408740219434
293                       -6.0130747600893155
294                       -6.01770518069322
295                       -6.022300760001219
296                       -6.026862231788848
297                       -6.0313903066590955
298                       -6.035885673012553
299                       -6.040348997964985
300                       -6.044780928226158
301                       -6.049182090920577
302                       -6.053553094385624
303                       -6.057894528918932
304                       -6.062206967488081
305                       -6.066490966415831
306                       -6.070747066022237
307                       -6.074975791242395
308                       -6.079177652217417
309                       -6.083353144845877
310                       -6.087502751327153
311                       -6.091626940664205
312                       -6.095726169153709
313                       -6.099800880850447
314                       -6.103851508009461
315                       -6.107878471513578
316                       -6.1118821812755
317                       -6.115863036626957
318                       -6.119821426694113
319                       -6.123757730746786
320                       -6.127672318539287
321                       -6.131565550643564
322                       -6.135437778754545
323                       -6.139289345988219
324                       -6.143120587179779
325                       -6.146931829144491
326                       -6.150723390950891
327                       -6.154495584173803
328                       -6.158248713134288
329                       -6.161983075139925
330                       -6.165698960696838
331                       -6.169396653734588
332                       -6.1730764318262565
333                       -6.176738566359179
334                       -6.180383322750793
335                       -6.184010960619423
336                       -6.187621733970747
337                       -6.191215891365842
338                       -6.194793676083785
339                       -6.198355326281086
340                       -6.2019010751482355
341                       -6.205431151055251
342                       -6.208945777688853
343                       -6.212445174195459
344                       -6.215929555312589
345                       -6.219399131493491
346                       -6.22285410903034
347                       -6.226294690176488
348                       -6.229721073257072
349                       -6.233133452783066
350                       -6.2365320195543985
351                       -6.239916960765037
352                       -6.243288460105272
353                       -6.246646697854173
354                       -6.249991850974055
355                       -6.253324093202095
356                       -6.256643595137349
357                       -6.259950524323812
358                       -6.263245045332263
359                       -6.266527319839369
360                       -6.2697975067063005
361                       -6.273055762051987
362                       -6.276302239320372
363                       -6.279537089357679
364                       -6.282760460475523
365                       -6.28597249851447
366                       -6.289173346912625
367                       -6.292363146760823
368                       -6.295542036868402
369                       -6.298710153816974
370                       -6.301867632016998
371                       -6.305014603762882
372                       -6.308151199287133
373                       -6.311277546806844
374                       -6.314393772581692
375                       -6.317500000952383
376                       -6.320596354395629
377                       -6.323682953566119
378                       -6.3267599173418825
379                       -6.329827362865471
380                       -6.33288540559007
381                       -6.33593415931585
382                       -6.338973736232099
383                       -6.342004246953734
384                       -6.345025800562762
385                       -6.34803850464041
386                       -6.351042465305366
387                       -6.3540377872457245
388                       -6.357024573757597
389                       -6.360002926772169
390                       -6.362972946892233
391                       -6.3659347334202945
392                       -6.368888384389114
393                       -6.3718339965952655
394                       -6.374771665622259
395                       -6.37770148587219
396                       -6.3806235505935245
397                       -6.383537951905423
398                       -6.386444780824538
399                       -6.389344127291985
400                       -6.39223608020058
401                       -6.39512072740687
402                       -6.397998155777211
403                       -6.40086845118487
404                       -6.403731698553444
405                       -6.406587981866556
406                       -6.4094373841965835
407                       -6.412279987721171
408                       -6.415115873747064
409                       -6.417945122728897
410                       -6.420767814288294
411                       -6.423584027233339
412                       -6.426393839581045
413                       -6.429197328569007
414                       -6.4319945706800326
415                       -6.4347856416576725
416                       -6.437570616520724
417                       -6.440349569585265
418                       -6.443122574477773
419                       -6.445889704152241
420                       -6.448651030907645
421                       -6.451406626402057
422                       -6.454156561667594
423                       -6.456900907127983
424                       -6.459639732612124
425                       -6.462373107367103
426                       -6.465101100074317
427                       -6.46782377886432
428                       -6.470541211329044
429                       -6.473253464534203
430                       -6.475960605036742
431                       -6.478662698893141
432                       -6.481359811675747
433                       -6.484052008484892
434                       -6.486739353959774
435                       -6.4894219122914665
436                       -6.492099747236069
437                       -6.49477292212605
438                       -6.497441499881205
439                       -6.500105543021119
440                       -6.502765113675898
441                       -6.505420273598098
442                       -6.508071084173798
443                       -6.510717606431421
444                       -6.513359901056938
445                       -6.515998028399557
446                       -6.518632048486593
447                       -6.521262021029448
448                       -6.523888005438974
449                       -6.52651006083063
450                       -6.529128246038121
451                       -6.531742619621366
452                       -6.534353239877594
453                       -6.5369601648500115
454                       -6.53956345233785
455                       -6.542163159906288
456                       -6.544759344894938
457                       -6.547352064429144
458                       -6.549941375426104
459                       -6.552527334607758
460                       -6.555109998506551
461                       -6.557689423477373
462                       -6.560265665705018
463                       -6.562838781212787
464                       -6.565408825873166
465                       -6.567975855415255
466                       -6.570539925433135
467                       -6.573101091395834
468                       -6.575659408656123
469                       -6.578214932459395
470                       -6.580767717949438
471                       -6.583317820180498
472                       -6.5858652941259885
473                       -6.588410194683824
474                       -6.590952576687899
475                       -6.593492494915548
476                       -6.596030004096078
477                       -6.598565158920049
478                       -6.601098014046034
479                       -6.603628624111717
480                       -6.606157043740203
481                       -6.608683327549106
482                       -6.611207530160507
483                       -6.613729706207121
484                       -6.616249910342778
485                       -6.618768197250539
486                       -6.621284621650458
487                       -6.623799238310139
488                       -6.626312102050314
489                       -6.628823267756623
490                       -6.631332790387414
491                       -6.633840724981923
492                       -6.636347126667911
493                       -6.638852050675192
494                       -6.6413555523387995
495                       -6.643857687110825
496                       -6.646358510570427
497                       -6.648858078432014
498                       -6.651356446551762
499                       -6.653853670941061
500                       -6.65634980777374
501                       -6.658844913395328
502                       -6.6613390443336655
503                       -6.663832257306218
504                       -6.666324609232767
505                       -6.668816157242538
506                       -6.671306958685361
507                       -6.673797071141291
508                       -6.676286552431019
509                       -6.67877546062547
510                       -6.681263854056318
511                       -6.6837517913261655
512                       -6.686239331319584
513                       -6.688726533213751
514                       -6.6912134564883035
515                       -6.693700160937268
516                       -6.69618670667971
517                       -6.698673154171599
518                       -6.7011595642159865
519                       -6.703645997975671
520                       -6.706132516983775
521                       -6.708619183157227
522                       -6.7111060588077684
523                       -6.713593206653665
524                       -6.716080689833815
525                       -6.718568571918637
526                       -6.721056916924186
527                       -6.72354578932469
528                       -6.726035254066227
529                       -6.728525376579124
530                       -6.731016222793312
531                       -6.733507859150682
532                       -6.736000352620197
533                       -6.7384937707131085
534                       -6.7409881814961805
535                       -6.743483653607093
536                       -6.745980256270955
537                       -6.748478059313857
538                       -6.750977133180412
539                       -6.753477548950012
540                       -6.755979378351317
541                       -6.758482693781552
542                       -6.760987568322172
543                       -6.7634940757568955
544                       -6.766002290589761
545                       -6.768512288062345
546                       -6.771024144173764
547                       -6.773537935699071
548                       -6.776053740208489
549                       -6.778571636087179
550                       -6.781091702556146
551                       -6.783614019692628
552                       -6.786138668450173
553                       -6.788665730682583
554                       -6.7911952891642695
555                       -6.793727427613373
556                       -6.796262230714095
557                       -6.798799784142209
558                       -6.8013401745879465
559                       -6.803883489780506
560                       -6.806429818514415
561                       -6.808979250674869
562                       -6.81153187726473
563                       -6.814087790431534
564                       -6.81664708349465
565                       -6.8192098509753345
566                       -6.821776188625196
567                       -6.8243461934562
568                       -6.826919963771144
569                       -6.8294975991958715
570                       -6.832079200711259
571                       -6.834664870686204
572                       -6.837254712912333
573                       -6.839848832637998
574                       -6.84244733660454
575                       -6.8450503330829555
576                       -6.847657931911231
577                       -6.85027024453483
578                       -6.852887384043582
579                       -6.8555094652144595
580                       -6.858136604553743
581                       -6.860768920338422
582                       -6.863406532662555
583                       -6.866049563480775
584                       -6.868698136656144
585                       -6.8713523780088
586                       -6.8740124153634765
587                       -6.876678378602325
588                       -6.8793503997164684
589                       -6.88202861285924
590                       -6.884713154402056
591                       -6.887404162991604
592                       -6.890101779607958
593                       -6.8928061476255875
594                       -6.895517412874407
595                       -6.898235723705093
596                       -6.9009612310542545
597                       -6.9036940885130385
598                       -6.906434452395407
599                       -6.909182481812952
600                       -6.91193833874699
601                       -6.914702188126548
602                       -6.917474197906906
603                       -6.920254539151515
604                       -6.923043386115633
605                       -6.925840916333878
606                       -6.928647310708834
607                       -6.931462753605238
608                       -6.9342874329440125
609                       -6.9371215403011774
610                       -6.939965271008593
611                       -6.94281882426687
612                       -6.945682403238802
613                       -6.948556215176896
614                       -6.951440471533369
615                       -6.954335388078475
616                       -6.957241185028444
617                       -6.960158087172561
618                       -6.963086324006299
619                       -6.9660261298691655
620                       -6.968977744086768
621                       -6.971941411119811
622                       -6.974917380715178
623                       -6.977905908065716
624                       -6.980907253974404
625                       -6.983921685023239
626                       -6.986949473750559
627                       -6.989990898833689
628                       -6.993046245279115
629                       -6.996115804618196
630                       -6.99919987511243
631                       -7.002298761965082
632                       -7.00541277754105
633                       -7.008542241595825
634                       -7.011687481513276
635                       -7.014848832551737
636                       -7.018026638101354
637                       -7.021221249950436
638                       -7.024433028562685
639                       -7.027662343367051
640                       -7.030909573056553
641                       -7.034175105902818
642                       -7.037459340080464
643                       -7.040762684006962
644                       -7.044085556696011
645                       -7.047428388126568
646                       -7.0507916196267795
647                       -7.054175704274435
648                       -7.057581107316392
649                       -7.061008306603979
650                       -7.064457793049051
651                       -7.067930071101234
652                       -7.07142565924396
653                       -7.074945090515501
654                       -7.078488913052699
655                       -7.082057690659826
656                       -7.085652003403671
657                       -7.089272448237404
658                       -7.092919639653196
659                       -7.096594210366612
660                       -7.1002968120331715
661                       -7.104028116000926
662                       -7.107788814098739
663                       -7.111579619464772
664                       -7.115401267416705
665                       -7.1192545163642125
666                       -7.123140148770128
667                       -7.127058972159524
668                       -7.131011820182413
669                       -7.134999553732446
670                       -7.139023062124362
671                       -7.143083264334352
672                       -7.147181110310625
673                       -7.151317582350636
674                       -7.155493696560672
675                       -7.159710504392723
676                       -7.163969094270072
677                       -7.168270593306704
678                       -7.172616169124837
679                       -7.177007031780802
680                       -7.181444435803193
681                       -7.185929682353858
682                       -7.190464121520569
683                       -7.195049154750507
684                       -7.199686237433538
685                       -7.2043768816491225
686                       -7.209122659088137
687                       -7.213925204162368
688                       -7.218786217318153
689                       -7.223707468567232
690                       -7.228690801256355
691                       -7.233738136091744
692                       -7.2388514754389774
693                       -7.244032907926159
694                       -7.24928461336951
695                       -7.2546088680529905
696                       -7.260008050392292
697                       -7.265484647015371
698                       -7.271041259300244
699                       -7.276680610407833
700                       -7.282405552855871
701                       -7.28821907668975
702                       -7.294124318297967
703                       -7.300124569946137
704                       -7.306223290085549
705                       -7.312424114530815
706                       -7.31873086857791
707                       -7.325147580174392
708                       -7.331678494239889
709                       -7.338328088268312
710                       -7.34510108935297
711                       -7.352002492777741
712                       -7.35903758237343
713                       -7.366211952822727
714                       -7.373531534152762
715                       -7.381002618678134
716                       -7.388631890683899
717                       -7.396426459204445
718                       -7.404393894277499
719                       -7.412542267138721
720                       -7.420880194870127
721                       -7.4294168901131465
722                       -7.438162216551123
723                       -7.447126750981257
724                       -7.45632185293538
725                       -7.465759742979541
726                       -7.4754535910261515
727                       -7.485417616225753
728                       -7.4956672003168565
729                       -7.50621901666115
730                       -7.5170911776449305
731                       -7.528303403678682
732                       -7.539877217689343
733                       -7.551836169879382
734                       -7.564206098573733
735                       -7.577015434340827
736                       -7.590295556283457
737                       -7.604081211639154
738                       -7.6184110126645335
739                       -7.6333280285411576
740                       -7.648880494976703
741                       -7.665122670741343
742                       -7.682115879229248
743                       -7.69992978515862
744                       -7.718643973146349
745                       -7.738349918059552
746                       -7.7591534699178455
747                       -7.78117802352755
748                       -7.804568612513933
749                       -7.829497271376551
750                       -7.856170168144329
751                       -7.8848372591214835
752                       -7.9158056178191085
753                       -7.949458255188585
754                       -7.986281391594545
755                       -8.026905188504358
756                       -8.072166792940985
757                       -8.123212187153172
758                       -8.181669582343917
759                       -8.24996467306268
760                       -8.33194478901976
761                       -8.43426581570269
762                       -8.57003453834533
763                       -8.771345631473526
764                       -9.165121550902187
765                       -9.472596989421328
766                       -8.863599545921964
767                       -8.61741754121291
768                       -8.459715014370929
769                       -8.34305013929592
770                       -8.250164503692458
771                       -8.17280944519217
772                       -8.106394742698898
773                       -8.048101128905405
774                       -7.996072108217574
775                       -7.949019930198439
776                       -7.906014552015258
777                       -7.866362224199462
778                       -7.829531580708879
779                       -7.795106539102736
780                       -7.762755125806388
781                       -7.732208172169014
782                       -7.703244353034061
783                       -7.6756794285236
784                       -7.649358346952063
785                       -7.624149341552306
786                       -7.599939445739156
787                       -7.576631036403504
788                       -7.554139134678292
789                       -7.532389273175871
790                       -7.511315792636518
791                       -7.490860468105309
792                       -7.4709713908364845
793                       -7.451602050710208
794                       -7.4327105773532125
795                       -7.4142591079950115
796                       -7.396213257321356
797                       -7.378541670044444
798                       -7.361215641030269
799                       -7.344208790928812
800                       -7.327496787708691
801                       -7.31105710633344
802                       -7.294868820318474
803                       -7.278912420047491
804                       -7.263169653640941
805                       -7.247623386906181
806                       -7.232257479508887
807                       -7.2170566749307845
808                       -7.2020065022146476
809                       -7.187093187780651
810                       -7.172303575870514
811                       -7.157625056374264
812                       -7.143045498982703
813                       -7.128553192733851
814                       -7.114136790161013
815                       -7.099785255327476
816                       -7.085487815124357
817                       -7.071233913271195
818                       -7.057013166510092
819                       -7.042815322527403
820                       -7.028630219166213
821                       -7.014447744526792
822                       -7.000257797553365
823                       -6.9860502487280725
824                       -6.971814900486506
825                       -6.957541446968664
826                       -6.943219432704533
827                       -6.928838209815234
828                       -6.914386893281194
829                       -6.899854313795915
830                       -6.885228967670302
831                       -6.870498963205693
832                       -6.855651962865259
833                       -6.840675120506408
834                       -6.8255550128137115
835                       -6.810277563951973
836                       -6.794827962299173
837                       -6.779190567933727
838                       -6.763348809316956
839                       -6.7472850673283915
840                       -6.7309805444727395
841                       -6.7144151166567365
842                       -6.697567164392658
843                       -6.680413379669946
844                       -6.6629285438884684
845                       -6.645085271264701
846                       -6.626853710807991
847                       -6.608201198344481
848                       -6.589091847963095
849                       -6.569486069534096
850                       -6.5493399954319615
851                       -6.528604794915125
852                       -6.507225848451416
853                       -6.485141745958801
854                       -6.462283061661928
855                       -6.438570842759783
856                       -6.413914727498926
857                       -6.388210577715263
858                       -6.361337467083139
859                       -6.333153802205842
860                       -6.303492258295565
861                       -6.272153065973918
862                       -6.238894959512438
863                       -6.2034227349580116
864                       -6.165369769885951
865                       -6.124272838586817
866                       -6.079534749852252
867                       -6.030366977404792
868                       -5.975697866708212
869                       -5.914018208069045
870                       -5.843104665202762
871                       -5.759482946012045
872                       -5.6572671328986965
873                       -5.525233597378485
874                       -5.337429960318817
875                       -5.005169166644115
876                       -4.138597083218375
877                       -5.105252443720178
878                       -5.379914396832959
879                       -5.545345803628258
880                       -5.663744108243245
881                       -5.755809519305973
882                       -5.831018190239231
883                       -5.894507152784067
884                       -5.949375820739636
885                       -5.997638761396304
886                       -6.040679430575273
887                       -6.079488991853438
888                       -6.114801872882089
889                       -6.147177399202769
890                       -6.17705135881611
891                       -6.204769881229743
892                       -6.230612444927686
893                       -6.254807948265931
894                       -6.27754621128306
895                       -6.298986383714889
896                       -6.319263207034031
897                       -6.338491755970537
898                       -6.3567710820871595
899                       -6.374187051042097
900                       -6.3908145785971335
901                       -6.406719412068665
902                       -6.421959563783289
903                       -6.436586475038105
904                       -6.450645969176788
905                       -6.464179038017379
906                       -6.477222495415384
907                       -6.489809524021928
908                       -6.501970135511344
909                       -6.513731560209711
910                       -6.52511857872768
911                       -6.5361538056570945
912                       -6.54685793341249
913                       -6.557249942745335
914                       -6.567347285258085
915                       -6.577166042262227
916                       -6.586721063569374
917                       -6.5960260891819065
918                       -6.605093856344371
919                       -6.6139361940255155
920                       -6.622564106551927
921                       -6.63098784786355
922                       -6.639216987613282
923                       -6.647260470171405
924                       -6.655126667423006
925                       -6.662823426127503
926                       -6.67035811049742
927                       -6.677737640563194
928                       -6.684968526816566
929                       -6.692056901552619
930                       -6.6990085472866125
931                       -6.705828922558525
932                       -6.712523185417951
933                       -6.719096214824971
934                       -6.725552630192609
935                       -6.731896809255663
936                       -6.738132904437621
937                       -6.744264857863002
938                       -6.75029641514772
939                       -6.75623113808534
940                       -6.762072416331483
941                       -6.767823478182608
942                       -6.7734874005281505
943                       -6.779067118055154
944                       -6.784565431767333
945                       -6.789985016883276
946                       -6.795328430161104
947                       -6.800598116706672
948                       -6.805796416300302
949                       -6.810925569287752
950                       -6.815987722069234
951                       -6.820984932217312
952                       -6.825919173255602
953                       -6.830792339123822
954                       -6.835606248352869
955                       -6.840362647973244
956                       -6.84506321717696
957                       -6.849709570749564
958                       -6.854303262291882
959                       -6.858845787244988
960                       -6.863338585732567
961                       -6.8677830452350195
962                       -6.872180503105716
963                       -6.876532248940717
964                       -6.880839526812503
965                       -6.8851035373778
966                       -6.889325439864142
967                       -6.893506353948538
968                       -6.897647361532266
969                       -6.9017495084171285
970                       -6.90581380589412
971                       -6.909841232246114
972                       -6.913832734170438
973                       -6.917789228128985
974                       -6.921711601626631
975                       -6.925600714426722
976                       -6.92945739970154
977                       -6.933282465129124
978                       -6.937076693931256
979                       -6.940840845864352
980                       -6.944575658159411
981                       -6.948281846417727
982                       -6.9519601054639315
983                       -6.955611110157181
984                       -6.959235516167074
985                       -6.962833960709937
986                       -6.966407063254431
987                       -6.969955426192784
988                       -6.97347963548295
989                       -6.97698026126093
990                       -6.980457858427048
991                       -6.983912967205054
992                       -6.98734611367795
993                       -6.990757810300608
994                       -6.994148556388951
995                       -6.997518838590552
996                       -7.00086913133304
997                       -7.004199897256172
998                       -7.007511587623982
999                       -7.010804642720587
1000                      -7.014079492230847
